470046325
878438792
241993406
747738371
797460421
4928736
1788427060
1494622417
293731208
638320530
510955986
46566741
1584867827
915451657
222570879
745569708
795319708
1837033695
1263292114
2101692787
882542688
187210171
2055735365
239188074
2069716396
1407951177
590659720
248173288
1443876039
909030999
875093647
1913922364
1787469791
1117087053
514177087
437446564
1122015790
155120499
1932068981
1415746998
793441029
295541320
1462313739
230825209
1210992977
1684884618
976394917
2006312686
1374434666
92203383
1960521825
109493706
279413555
1868773542
348681780
201646303
1129241072
939341500
449819591
425633463
1848372499
1324913238
192072179
1488358642
294516644
706249266
1925805206
1416532434
861369766
1710390540
684795784
1654810795
2005931860
2147109523
1885636004
1069441189
1684510494
714547274
928270227
911461512
806750657
741308405
1020955218
1086164212
462598299
1369636999
1287810515
1591839371
161494851
1737630107
2017472834
2009867351
915059697
62061365
1350742345
1209576341
768310632
1129063904
478625127
1629680398
